20
-99 26 -98 -80 78 -23 -88 17 63 28 51 45 -84 -92 33 51 81 64 80 67 
-100 -56 14 -67 -20 54 -18 -55 89 -27 14 -50 56 41 -4 -90 97 42 64 -68 
67 99 89 -34 -48 27 91 -49 -92 96 49 -22 28 46 39 -33 -36 -77 -24 9 
-39 -71 -58 40 -29 35 -76 -67 -56 26 71 -80 64 -72 72 -77 -32 17 -28 -50 
82 48 73 -56 -47 -74 -45 -36 -15 -28 -88 45 -9 42 37 -87 49 98 -1 49 
-26 -46 -73 -77 32 -41 4 -43 89 -72 9 26 -9 93 -30 -28 -56 77 -96 24 
-75 -21 76 -92 89 83 -50 29 -79 -68 -34 87 -86 67 -6 14 -82 -18 -94 6 
35 72 -66 100 -64 -11 13 -75 -45 -63 76 -23 -35 12 -26 37 67 7 -89 -43 
41 -89 -55 89 -81 5 -4 27 87 49 62 -80 -64 78 16 -87 -5 -96 -44 -87 
-14 13 53 96 -37 48 68 21 57 -18 49 51 94 94 68 76 54 -22 74 -77 
-15 -73 -84 31 -71 16 -43 19 -71 50 41 23 4 14 70 35 16 -10 47 -98 
-98 -24 -33 27 -54 -86 -58 22 0 -31 -46 -8 -91 -82 1 -99 -20 -59 -31 83 
-15 -37 69 62 41 -42 11 28 -19 -92 8 75 -70 37 -71 -65 -89 37 6 -94 
-47 8 -76 -75 35 -53 -32 -47 -32 -63 11 -48 72 49 -100 -93 50 54 -86 76 
-23 -73 -50 47 29 83 -99 51 -50 20 62 -76 -8 97 82 96 43 -22 -6 18 
75 -16 -51 -50 45 -80 78 60 34 87 71 -16 93 87 99 -75 76 81 92 -8 
33 7 -50 82 -21 -54 -18 45 25 56 47 -43 40 -17 -66 -91 -85 53 57 47 
-13 -3 27 46 88 52 9 1 12 -51 62 -80 -45 -22 -45 -67 -57 -85 -86 26 
23 -39 70 -37 -26 4 100 -44 7 -26 -16 -4 -88 -92 -59 72 86 92 -97 98 
-38 -73 80 20 47 -83 -8 -83 94 -35 -26 66 -53 -100 80 83 -13 -70 74 73 
